image: square1.pgm
resolution: 0.50000
origin: [-192.000000, -192.000000, 0.000000]
negate: 0
occupied_thresh: 0.8
free_thresh: 0.196

